Site Selection Tool
Sites 36
grid_1-P1  -34.0434 -72.3650 0.0000
grid_1-P2  -34.0434 -72.0613 0.0000   Vs30 760.0000
grid_1-P3  -34.0434 -71.7575 0.0000   Vs30 760.0000
grid_1-P4  -34.0434 -71.4538 0.0000   Vs30 760.0000
grid_1-P5  -34.0434 -71.1501 0.0000   Vs30 760.0000
grid_1-P6  -34.0434 -70.8464 0.0000   Vs30 760.0000
grid_1-P7  -34.0434 -70.5427 0.0000   Vs30 760.0000
grid_1-P8  -34.3471 -72.3650 0.0000   Vs30 760.0000
grid_1-P9  -34.3471 -72.0613 0.0000   Vs30 760.0000
grid_1-P10 -34.3471 -71.7575 0.0000   Vs30 760.0000
grid_1-P11 -34.3471 -71.4538 0.0000   Vs30 760.0000
grid_1-P12 -34.3471 -71.1501 0.0000   Vs30 760.0000
grid_1-P13 -34.3471 -70.8464 0.0000   Vs30 760.0000
grid_1-P14 -34.3471 -70.5427 0.0000   Vs30 760.0000
grid_1-P15 -34.6508 -72.3650 0.0000
grid_1-P16 -34.6508 -72.0613 0.0000
grid_1-P17 -34.6508 -71.7575 0.0000
grid_1-P18 -34.6508 -71.4538 0.0000
grid_1-P19 -34.6508 -71.1501 0.0000
grid_1-P20 -34.6508 -70.8464 0.0000
grid_1-P21 -34.6508 -70.5427 0.0000
grid_1-P22 -34.9545 -72.3650 0.0000
grid_1-P23 -34.9545 -72.0613 0.0000
grid_1-P24 -34.9545 -71.7575 0.0000
grid_1-P25 -34.9545 -71.4538 0.0000
grid_1-P26 -34.9545 -71.1501 0.0000
grid_1-P27 -34.9545 -70.8464 0.0000   Vs30 760.0000
grid_1-P28 -34.9545 -70.5427 0.0000   Vs30 760.0000
grid_1-P29 -35.2583 -72.3650 0.0000   Vs30 760.0000
grid_1-P30 -35.2583 -72.0613 0.0000   Vs30 760.0000
grid_1-P31 -35.2583 -71.7575 0.0000   Vs30 760.0000
grid_1-P32 -35.2583 -71.4538 0.0000   Vs30 760.0000
grid_1-P33 -35.2583 -71.1501 0.0000   Vs30 760.0000
grid_1-P34 -35.2583 -70.8464 0.0000   Vs30 760.0000
grid_1-P35 -35.2583 -70.5427 0.0000   Vs30 760.0000
site36     -30.7459 -72.1914 0.0000   Vs30 760.0000

Grids 1
grid_1 Vertices 24
   1    2    9    8 
   8    9   16   15 
  15   16   23   22 
  22   23   30   29 
   2    3   10    9 
   9   10   17   16 
  16   17   24   23 
  23   24   31   30 
   3    4   11   10 
  10   11   18   17 
  17   18   25   24 
  24   25   32   31 
   4    5   12   11 
  11   12   19   18 
  18   19   26   25 
  25   26   33   32 
   5    6   13   12 
  12   13   20   19 
  19   20   27   26 
  26   27   34   33 
   6    7   14   13 
  13   14   21   20 
  20   21   28   27 
  27   28   35   34 
MeshSize  : 50       
ShapeFile : CHL_adm1.shp 
Shapes    : 0 
