#  Seismic Event 1 - Earthquake Inslab - Intermediate Depth - 19/09/2017 M7.1, Rrup=105 km (in g)
#  T       Sa  
  0.01    0.05769
  0.02    0.05769
  0.03    0.05828
  0.04    0.05908
  0.05    0.06025
  0.06    0.06186
  0.07    0.06313
  0.08    0.06564
  0.09    0.06945
   0.1    0.08154
  0.15     0.1626
   0.2     0.2266
  0.25     0.2384
   0.3     0.1668
  0.35     0.1281
   0.4     0.1015
  0.45     0.1394
   0.5     0.1273
  0.55      0.101
   0.6     0.1011
  0.65    0.09837
   0.7     0.1141
  0.75     0.1324
   0.8     0.1259
  0.85     0.1221
   0.9     0.1228
  0.95     0.1246
     1     0.1288
  1.05     0.1078
   1.1    0.09621
  1.15     0.1045
   1.2     0.1157
  1.25     0.1182
   1.3     0.1124
  1.35     0.1071
   1.4     0.1098
  1.45     0.1139
   1.5     0.1111
  1.55    0.09843
   1.6    0.09358
  1.65    0.09687
   1.7     0.1009
  1.75    0.09838
   1.8    0.08721
  1.85    0.07453
   1.9    0.06093
  1.95    0.04891
     2    0.04643
  2.05    0.04671
   2.1    0.04661
  2.15    0.04526
   2.2    0.04339
  2.25    0.04141
   2.3    0.04026
  2.35    0.04067
   2.4    0.04032
  2.45    0.03896
   2.5    0.03673
  2.55    0.03423
   2.6    0.03096
  2.65    0.02781
   2.7    0.02502
  2.75    0.02366
   2.8     0.0229
  2.85    0.02191
   2.9    0.02075
  2.95     0.0195
     3    0.01852
     4    0.01665
     5    0.01497