Abancay -13.58 -72.92 4.578706055
Aija -9.83 -77.75 2.558241943
Ambo -10.08 -76.17 3.122681885
Ancon -11.83 -77.17 0.179603012
Antabamba -14.67 -73 4.790046875
Apalo -16 -72.67 2.51649292
Apurimac -12.28 -73.93 0.973027405
Arequipa -16.33 -71.5 2.901997315
Ascope -7.77 -79.13 0.173393631
Atalaya -10.75 -73.83 0.706536804
Ayabaca -4.67 -79.88 0.990735107
Ayacucho -13 -74 3.243072998
Ayaviri -14.83 -70.58 4.33820459
Azangaro -14.92 -70.22 3.888930908
Barranca, Lima -10.75 -77.83 -0.014915259
Barranca, Loreto -4.83 -76.83 0.142707504
Bayovar -5.83 -81 0.000908397
Borja -4.33 -77.67 0.204647614
Cabo Pantoja -1 -75.17 0.191993012
Cajamarca -7.08 -78.47 3.233598145
Calca -13.37 -72 4.152597656
Callao -12 -77 0.246897781
Camane -16.5 -72.83 0.543526978
Canete -13.13 -76.5 -0.073426666
Caras -9.05 -77.78 2.736227783
Caraveli -15.75 -73.42 2.445150391
Casma -9.5 -78.33 0.042200535
Chachapoyas -6.25 -77.83 2.398703369
Chala -15.8 -74.33 0.400952087
Chalhuanca -14.25 -73.25 3.779758545
Chepen -7.25 -79.38 0.199609238
Chiclayo -6.7 -79.83 0.029604124
Chilete -7.17 -78.83 1.312277832
Chimbote -9 -78.58 0.149747726
Chincha Alta -13.42 -76.12 0.109888001
Chiquian -10.17 -77 4.484686523
Chulucanas -5.13 -80.17 0.091991516
Chuguibamba -15.78 -72.73 3.947762695
Contamana -7.32 -74.92 0.187026764
Coracora -15.08 -73.75 3.132995361
Coropuna, Nevado -15.5 -72.68 5.195120117
Corrientes -3.72 -74.58 0.130447372
Curaray -2.33 -74.08 0.137678619
Cuzco -13.53 -72 3.688366943
Ferenafe -6.7 -79.83 0.029604124
Goyllarisquisga -10.52 -76.4 4.166181641
Huacho -11.17 -77.58 0.067260597
Huallaga -5.25 -75.5 0.122925926
Huancabamba -5.17 -79.25 3.425854248
Huancane -15.17 -69.73 4.004155029
Huancavelica -12.83 -75.08 4.156804688
Huancayo -12.08 -75.2 3.251911133
Huanuco -9.92 -76.25 2.130309815
Huaraz -9.5 -77.53 3.070802734
Huarmey -10.08 -78.08 0.264466095
Huascarian -9.13 -77.6 6.163586426
Ica -14 -75.8 0.482545776
Ilo -17.67 -71.33 0.138915665
Inapari -11 -69.67 0.300338135
Iquitos -3.75 -73.17 0.087903999
Jaen -5.42 -78.67 0.65977124
Jauja -11.75 -75.25 4.584183106
Juli -16.17 -69.42 3.815
Juliaca -15.42 -70.17 3.923934815
La Oroya -11.53 -75.9 3.896157227
Lagunas -5.17 -75.58 0.127157188
Lamas -6.47 -76.52 0.378264526
Lampa -15.37 -0.03 -5.086249023
Lima -12 -77 0.246897781
Machu picchu -13.13 -72.5 3.507936768
Macusani -14.07 -0.15 -5.192938477
Manu -12.17 -70.85 0.409645844
Manu -12.27 -70.92 0.289681671
Maranon -4.5 -73.58 0.103192711
Matarani -17 -72.17 -0.159340668
Matucana -11.92 -76.42 3.233790527
Mazan -3.5 -73 0.088652344
Mollendo -17 -72 0.306182221
Montana -6 -73 0.192284439
Moquequa -17.25 -70.77 2.364678467
Morona -4.67 -77.17 0.1524534
Moyabamba -6 -77 0.832616272
Napo -3.33 -72.67 0.101987289
Nauta -4.52 -73.58 0.094746903
Nazca -14.83 -74.95 0.565885803
Negra Pta -6.1 -81.17 -0.123176964
Omate -16.75 -71 1.514760986
Pacasmayo -7.33 -79.58 0.009883534
Pachitea -8.77 -74.55 0.158481171
Paita -5.18 -81.15 0.160625107
Pampas -12.33 -74.83 3.465449219
Panao -9.92 -75.92 3.379750488
Parinari -4.58 -74.42 0.116888702
Pasco Cerro de -10.75 -76.17 4.356536621
Pastaza -4.83 -76.87 0.144546021
Pimentel -6.75 -79.92 0.0137056
Pisco -13.83 -76.2 0.058347981
Piura -5.25 -80.63 0.027749571
Pucallpa -8.42 -74.5 0.145059357
Puerto Bermudez -10.33 -74.97 0.269623505
Puerto Chicama -7.75 -79.33 0.045728672
Puerto Maldonado -12.5 -69.17 0.186005341
Puno -15.92 -70.05 3.97728125
Puquio -14.75 -74.17 2.220561768
Quillabamba -12.83 -72.83 3.014792481
Requena -5.08 -73.87 0.097114449
Reventazon -6.17 -80.97 -0.02064357
Sandia -14.17 -69.5 2.172202393
Santa Clotilde -2.55 -73.75 0.141152588
Santiago -4.45 -77.63 0.295542023
Saposoa -6.92 -76.75 0.356602936
Sayan -11.13 -77.2 0.908537903
Sechura Desierto de -6 -80.5 0.019152592
Tacna -18.06 -70.25 0.478016235
Talara -4.63 -81.3 0.02975333
Tigre -4.5 -74.17 0.097374397
Tingo Maria -9.17 -75.9 0.789604858
Torata -17.38 -70.02 4.623778809
Torata -17.38 -70.02 4.623778809
Trujillo -8.1 -79 0.054744888
Tumbes -3.62 -80.45 0.011582783
Ucayali -4.5 -73.5 0.097773331
