*** Output file from program Haz42-Post ***
*** Version 1.0 ***

Input filename:

Number of hazard levels =       11

Hazard Levels:
AEP         RP (yr)
1.00000E-02 100.000
4.50000E-03 222.222
2.00000E-03 500.000
1.00000E-03 1000.000
2.50000E-04 4000.000
1.00000E-04 10000.000
4.00000E-05 25000.000
6.00000E-06 166666.667
1.00000E-06 1000000.000
1.00000E-07 10000000.000
1.00000E-08 100000000.000

Number of Spectral Periods =       14

Period (sec)    Curve Number     Filename
   0.010               1           DCPP_run_all_12x.out3
   0.050               2           DCPP_run_all_12x.out3
   0.075               3           DCPP_run_all_12x.out3
   0.100               4           DCPP_run_all_12x.out3
   0.150               5           DCPP_run_all_12x.out3
   0.200               6           DCPP_run_all_12x.out3
   0.250               7           DCPP_run_all_12x.out3
   0.300               8           DCPP_run_all_12x.out3
   0.400               9           DCPP_run_all_12x.out3
   0.500              10           DCPP_run_all_12x.out3
   0.750              11           DCPP_run_all_12x.out3
   1.000              12           DCPP_run_all_12x.out3
   1.500              13           DCPP_run_all_12x.out3
   2.000              14           DCPP_run_all_12x.out3

Testing Levels   :      0.01 0.0045 0.002 0.001 0.00025 0.0001 4e-05 6e-06 1e-06 1e-07 1e-08 
Return Period(yr):      100 222.222 500 1000 4000 10000 25000 166667 1e+06 1e+07 1e+08 
Period (sec)
 1   0.010  0.260290 0.371957 0.513097 0.657686 1.020257 1.319660 1.672253 2.594958 3.745114 5.706051 8.330266 
 2   0.050  0.345240 0.493558 0.682220 0.876676 1.366998 1.773870 2.254210 3.514241 5.087067 7.770231 11.361446 
 3   0.075  0.451768 0.646583 0.894524 1.149783 1.793802 2.327869 2.958612 4.612210 6.676098 10.197009 14.909818 
 4   0.100  0.542861 0.777870 1.076768 1.384629 2.160354 2.803491 3.562192 5.551383 8.033798 12.268821 17.942317 
 5   0.150  0.579215 0.832885 1.154919 1.485877 2.318696 3.008485 3.822411 5.957555 8.625196 13.181565 19.296737 
 6   0.200  0.567720 0.818881 1.138377 1.467267 2.296448 2.984527 3.797446 5.933291 8.605519 13.174367 19.310975 
 7   0.250  0.501230 0.722173 1.002409 1.290172 2.012951 2.611361 3.317637 5.171752 7.490358 11.453812 16.769085 
 8   0.300  0.446798 0.644259 0.894700 1.151431 1.795888 2.328421 2.956194 4.600666 6.653169 10.156771 14.850175 
 9   0.400  0.363963 0.524901 0.728760 0.937667 1.460398 1.890996 2.397078 3.718050 5.360691 8.156506 11.893604 
10   0.500  0.287776 0.414811 0.575478 0.739607 1.149589 1.486510 1.882033 2.912460 4.191619 6.365619 9.268075 
11   0.750  0.184110 0.267095 0.372076 0.479210 0.746111 0.964689 1.220541 1.884346 2.704612 4.092681 5.938496 
12   1.000  0.134177 0.196045 0.274472 0.354605 0.553920 0.716965 0.907638 1.401637 2.010962 3.040419 4.407030 
13   1.500  0.077052 0.113207 0.159023 0.205795 0.322169 0.417305 0.528498 0.816376 1.171261 1.770392 2.565242 
14   2.000  0.052055 0.076751 0.108056 0.140004 0.219486 0.284460 0.360404 0.557055 0.799537 1.209030 1.752462 

Median:
 1   0.010  ***	***	***	***	***	***	***	***	***	***
 2   0.050  ***	***	***	***	***	***	***	***	***	***
 3   0.075  ***	***	***	***	***	***	***	***	***	***
 4   0.100  ***	***	***	***	***	***	***	***	***	***
 5   0.150  ***	***	***	***	***	***	***	***	***	***
 6   0.200  ***	***	***	***	***	***	***	***	***	***
 7   0.250  ***	***	***	***	***	***	***	***	***	***
 8   0.300  ***	***	***	***	***	***	***	***	***	***
 9   0.400  ***	***	***	***	***	***	***	***	***	***
10   0.500  ***	***	***	***	***	***	***	***	***	***
11   0.750  ***	***	***	***	***	***	***	***	***	***
12   1.000  ***	***	***	***	***	***	***	***	***	***
13   1.500  ***	***	***	***	***	***	***	***	***	***
14   2.000  ***	***	***	***	***	***	***	***	***	***

Sigma:
 1   0.010  0.653900 0.653900 0.653900 0.653900 0.653900 0.653900 0.653900 0.653900 0.653900 0.653900 0.653900 
 2   0.050  0.673609 0.673609 0.673609 0.673609 0.673609 0.673609 0.673609 0.673609 0.673609 0.673609 0.673609 
 3   0.075  0.690652 0.690652 0.690652 0.690652 0.690652 0.690652 0.690652 0.690652 0.690652 0.690652 0.690652 
 4   0.100  0.707779 0.707779 0.707779 0.707779 0.707779 0.707779 0.707779 0.707779 0.707779 0.707779 0.707779 
 5   0.150  0.681580 0.681580 0.681580 0.681580 0.681580 0.681580 0.681580 0.681580 0.681580 0.681580 0.681580 
 6   0.200  0.670251 0.670251 0.670251 0.670251 0.670251 0.670251 0.670251 0.670251 0.670251 0.670251 0.670251 
 7   0.250  0.637993 0.637993 0.637993 0.637993 0.637993 0.637993 0.637993 0.637993 0.637993 0.637993 0.637993 
 8   0.300  0.609565 0.609565 0.609565 0.609565 0.609565 0.609565 0.609565 0.609565 0.609565 0.609565 0.609565 
 9   0.400  0.575051 0.575051 0.575051 0.575051 0.575051 0.575051 0.575051 0.575051 0.575051 0.575051 0.575051 
10   0.500  0.483187 0.483187 0.483187 0.483187 0.483187 0.483187 0.483187 0.483187 0.483187 0.483187 0.483187 
11   0.750  0.315593 0.315593 0.315593 0.315593 0.315593 0.315593 0.315593 0.315593 0.315593 0.315593 0.315593 
12   1.000  0.000000 0.000000 0.000000 0.000000 0.000000 0.000000 0.000000 0.000000 0.000000 0.000000 0.000000 
13   1.500  0.351977 0.351977 0.351977 0.351977 0.351977 0.351977 0.351977 0.351977 0.351977 0.351977 0.351977 
14   2.000  0.464681 0.464681 0.464681 0.464681 0.464681 0.464681 0.464681 0.464681 0.464681 0.464681 0.464681 

Rho:
 1   0.010  0.464000 0.464000 0.464000 0.464000 0.464000 0.464000 0.464000 0.464000 0.464000 0.464000 0.464000 
 2   0.050  0.409000 0.409000 0.409000 0.409000 0.409000 0.409000 0.409000 0.409000 0.409000 0.409000 0.409000 
 3   0.075  0.353000 0.353000 0.353000 0.353000 0.353000 0.353000 0.353000 0.353000 0.353000 0.353000 0.353000 
 4   0.100  0.284000 0.284000 0.284000 0.284000 0.284000 0.284000 0.284000 0.284000 0.284000 0.284000 0.284000 
 5   0.150  0.384000 0.384000 0.384000 0.384000 0.384000 0.384000 0.384000 0.384000 0.384000 0.384000 0.384000 
 6   0.200  0.419000 0.419000 0.419000 0.419000 0.419000 0.419000 0.419000 0.419000 0.419000 0.419000 0.419000 
 7   0.250  0.503000 0.503000 0.503000 0.503000 0.503000 0.503000 0.503000 0.503000 0.503000 0.503000 0.503000 
 8   0.300  0.564000 0.564000 0.564000 0.564000 0.564000 0.564000 0.564000 0.564000 0.564000 0.564000 0.564000 
 9   0.400  0.627000 0.627000 0.627000 0.627000 0.627000 0.627000 0.627000 0.627000 0.627000 0.627000 0.627000 
10   0.500  0.756000 0.756000 0.756000 0.756000 0.756000 0.756000 0.756000 0.756000 0.756000 0.756000 0.756000 
11   0.750  0.904000 0.904000 0.904000 0.904000 0.904000 0.904000 0.904000 0.904000 0.904000 0.904000 0.904000 
12   1.000  1.000000 1.000000 1.000000 1.000000 1.000000 1.000000 1.000000 1.000000 1.000000 1.000000 1.000000 
13   1.500  0.879000 0.879000 0.879000 0.879000 0.879000 0.879000 0.879000 0.879000 0.879000 0.879000 0.879000 
14   2.000  0.777000 0.777000 0.777000 0.777000 0.777000 0.777000 0.777000 0.777000 0.777000 0.777000 0.777000 



